5491159132301
5491140054474
5492984288643
5491159132301
5491159132301
5491159132301
5491159132301
5491159132301
5492974619061
5493886577632
5493813446363
5493884090272
5493804873549
5491135096902
5492974628334
5491135096902
5493586000638
5493878604649
5491157554853
5491133189573
5492314407348
573113374219
5492944816424
5492995303889
5493482446628
5492996826882
5493482606037
5493795588780
5493624005869
5492996340151
5492984693789
5492984683540
5493489652442
5493772409241
5493756501433
5493498457956
5493512731677
5492302532536
5492645291039
5493571316770
5493468644844
5493794570003
5493832403525
5492966497700
5493584362429
5491162837027
5492995774418
5492944555126
5492932630800
5493584447282
5493826508213
5492657545813
5493564564865
5493425014496
5493535635633
5492974368517
5493758412578
5493513008993
5493704616955
5493764503653
5493535643793
5491168086459
5492477581277
5493855964767
5492994663612
5493777629443
5493863507680
5493854983121
5491140054474
5491140054474
5491140054474
5491140054474
5492645889811
5492254593499
5493624084921
5492622433809
5493877439682
5492964691013
5493794755669
5492644516226
5493854737399
5492612083123
5492984569550
5492604675365
5492625445392
5492241617517
5492923417447
5492645305929
5493858463512
5493777243039
5491140054474
5491156653078
5491140054474
5491140054474
5491140054474
5491140054474
5491140054474
5491140054474
5491140054474
5493364316562
5493876572723
5491124808275
5493425014496
5491159060542
5492612765613
5493544549042
5493764255838
5493549541741
5493426103884
5493534242894
5491136982422
5493735525257
5492932630831
5493888435863
5491161624180
5492984755465
5492477604028
5491160467753
5492477211889
5493764724249
5492615956912
5493858460947
5492364324194
5493858460947
5493413074587
5493832401084
5493425677000
5493875384807
5493834949717
5492613665637
5493855433511
5493516235120
5493885869658
5493888606720
5493885726699
5492284732038
5493843415816
5493816428912
5492954650600
5491140054474
5492355487395
5493704032920
5493584202112
5493815951148
5493445532904
5492262590384
5492227531248
5493876537544
5493445532904
5492613665637
5492214001572
5493487547171
5491140054474
5493535657048
5493875385958
5492342400322
5493825565249
5492920309926
5493624917445