
5491165919830
5492227626568
5493525453165
5493462382062
5491139337567
5492616827966
5491138915803
5493816690155
5493876183981
5493513055946
5493815075172
5493512251861
5493586000094
5491151140535
5493512164763
5491131425465
5493731442016
5492302619475
5493516809751
5493415994117
5492236038694
5493855147389
5493815856683
5491122972375
5491136875678
5493813258360
5492996340151
5492262591038
5493875136506
5491156646773
5493764832104
5491133031583
5493385550197
5493854063416
5492645503471
5492926408423
5491154882239
5493704013422
5491138590585
5491123317144
5491169405044
5493425359665
5492262367031
5491159732976
5493585485888
5491127808903
5491133961959
5491164811208
5493815191622
5493416911366
5493815895430
5492281654588
5492616120978
5492644505437
5491156911009
5493777329649
5493467521496
5491162026041
5491166715495
5491130085045
5491138756331
5491127072995
5491138075958
5493535635633
5491131965560
5492324645300
5493517340278
5492494314340
5493513820602
5493364668321
5493425471830
5491151548898
5491133149634
5491168086459
5492664881729
5493853137794
5492616938066
5493863404152
5493863417930
5491166066403
5493856411051
5493534229222
5493586000638
5493584864745
5493815796141
5493815147601
5492975389185
5493513718112
5492984561556
5492612447054
5493385550197
5491140691376
5493814493058
5491151822534
5492635106502
5493425563040
5493435176845
5492215348724
5493492283418
5493585726639
5491130819407
5493415473134
5491132175556
5493816556255
5492995813526
5491151096313
5492273427528
5491130278541
5493814067352
5492944556597
5493444416957
5493885096842
5491154101270
5491136982422
5491131380673
5492223673618
5493834967473
5492613376654
5493571350844
5493484364611
5491150531581
5492634362505
5491123607465
5493404415307
5491150364588
5491165122840
5492227628740
5491161662131
5491131386975
5493329600652
5493874629492
5493576471592
5493562669905
5492325687507
5493804590042
5493476600094
5492994271694
5492954312935
5492645578000
5491125031115
5493534019367
5492615154980
5493516268005
5491158565528
5491135671992
5491123488785
5492645126845
5492942616149
5493535634039
5493624893459
5493416360996
5491127071860
5493856138381
5493832401084
5491155975683
5493512362871
5492273408237
5491150570212
5493454463672
5493472524436
5493815173503
5492392521012
5491130496186
5492645108257
5491137972636
5492317558880
5493777390323
5493804530056
5493416199080
5491131696167
5493534241336
5493513655476
5492920416213
5493813509784
5492644500871
5493404591858
5493444500610
5491132583435
5492255525984
5493447553804
5491159132301
5493804761418